34
15
253.0,652.0,258.0,656.0
275.0,614.0,279.0,616.0
213.0,419.0,218.0,418.0
174.0,345.0,181.0,342.0
116.0,207.0,123.0,204.0
72.0,139.0,80.0,134.0
6.0,-8.0,13.0,-10.0
-49.0,-98.0,-42.0,-102.0
-93.0,-204.0,-86.0,-208.0
-138.0,-274.0,-128.0,-278.0
-160.0,-326.0,-148.0,-332.0
-193.0,-369.0,-166.0,-380.0
-202.0,-418.0,-189.0,-422.0
-220.0,-464.0,-193.0,-474.0
-263.0,-579.0,-234.0,-590.0
2
332.0,510.0,334.0,507.0
220.0,421.0,221.0,414.0
2
358.0,446.0,362.0,445.0
124.0,206.0,125.0,201.0
3
413.0,375.0,418.0,375.0
392.0,320.0,398.0,318.0
14.0,-7.0,15.0,-13.0
3
484.0,247.0,486.0,245.0
271.0,24.0,276.0,20.0
-86.0,-202.0,-84.0,-209.0
3
534.0,108.0,536.0,105.0
362.0,20.0,363.0,15.0
278.0,23.0,276.0,19.0
4
532.0,13.0,534.0,10.0
296.0,-132.0,300.0,-138.0
129.0,-228.0,134.0,-235.0
-146.0,-326.0,-144.0,-333.0
3
498.0,-140.0,498.0,-144.0
348.0,-155.0,349.0,-160.0
306.0,-136.0,301.0,-139.0
2
475.0,-223.0,475.0,-226.0
137.0,-231.0,133.0,-234.0
4
431.0,-321.0,432.0,-325.0
167.0,-357.0,169.0,-362.0
-6.0,-378.0,-5.0,-384.0
-164.0,-371.0,-164.0,-379.0
3
349.0,-424.0,349.0,-429.0
200.0,-391.0,197.0,-394.0
171.0,-361.0,166.0,-364.0
2
270.0,-485.0,270.0,-487.0
0.0,-384.0,-5.0,-386.0
5
145.0,-553.0,144.0,-557.0
1.0,-485.0,-1.0,-490.0
-78.0,-445.0,-80.0,-450.0
-139.0,-407.0,-142.0,-412.0
-162.0,-379.0,-168.0,-384.0
3
41.0,-567.0,40.0,-569.0
5.0,-524.0,3.0,-525.0
4.0,-490.0,-2.0,-490.0
3
-7.0,-571.0,-8.0,-574.0
-66.0,-492.0,-70.0,-495.0
-76.0,-454.0,-80.0,-453.0
2
-75.0,-562.0,-77.0,-564.0
-139.0,-419.0,-144.0,-417.0
2
-155.0,-508.0,-161.0,-510.0
-169.0,-389.0,-175.0,-389.0
3
192.0,580.0,197.0,579.0
163.0,512.0,168.0,513.0
172.0,343.0,175.0,346.0
3
120.0,581.0,122.0,580.0
83.0,491.0,88.0,491.0
70.0,134.0,74.0,137.0
3
13.0,569.0,17.0,568.0
-49.0,329.0,-44.0,329.0
-51.0,-96.0,-45.0,-94.0
3
-106.0,545.0,-102.0,545.0
-114.0,486.0,-111.0,487.0
-54.0,328.0,-51.0,332.0
5
-172.0,528.0,-168.0,526.0
-195.0,475.0,-190.0,476.0
-189.0,279.0,-182.0,278.0
-189.0,66.0,-183.0,66.0
-141.0,-271.0,-133.0,-267.0
3
-297.0,448.0,-295.0,450.0
-228.0,297.0,-223.0,300.0
-189.0,274.0,-187.0,281.0
2
-355.0,378.0,-351.0,379.0
-191.0,62.0,-187.0,67.0
5
-424.0,300.0,-421.0,301.0
-385.0,158.0,-380.0,160.0
-322.0,-15.0,-316.0,-13.0
-274.0,-163.0,-270.0,-160.0
-186.0,-353.0,-183.0,-350.0
3
-476.0,210.0,-475.0,213.0
-428.0,160.0,-424.0,165.0
-381.0,154.0,-382.0,160.0
3
-513.0,154.0,-510.0,156.0
-377.0,-2.0,-374.0,2.0
-322.0,-17.0,-322.0,-12.0
2
-548.0,62.0,-545.0,63.0
-276.0,-163.0,-275.0,-158.0
4
-542.0,-49.0,-538.0,-47.0
-444.0,-159.0,-440.0,-154.0
-313.0,-290.0,-309.0,-286.0
-199.0,-369.0,-195.0,-363.0
3
-526.0,-212.0,-522.0,-208.0
-372.0,-297.0,-370.0,-292.0
-311.0,-293.0,-315.0,-287.0
4
-494.0,-300.0,-496.0,-303.0
-354.0,-370.0,-356.0,-373.0
-269.0,-387.0,-272.0,-393.0
-199.0,-370.0,-200.0,-377.0
2
-385.0,-400.0,-382.0,-403.0
-358.0,-372.0,-355.0,-373.0
3
-389.0,-428.0,-389.0,-430.0
-314.0,-423.0,-313.0,-427.0
-273.0,-393.0,-270.0,-394.0
3
-308.0,-467.0,-308.0,-471.0
-239.0,-432.0,-236.0,-435.0
-202.0,-377.0,-197.0,-379.0
0
